url_path,views_total,views_unique
/jgehrcke/gipc,21,13
/jgehrcke/gipc/blob/master/gipc/gipc.py,8,3
/jgehrcke/gipc/issues,7,1
/jgehrcke/gipc/blob/master/CHANGELOG.rst,6,5
/jgehrcke/gipc/tree/master/examples,5,2
/jgehrcke/gipc/blob/master/examples/serverclient.py,2,1
/jgehrcke/gipc/issues/130,2,1
/jgehrcke/gipc/tree/master/gipc,2,1
/jgehrcke/gipc/issues/11,1,1
/jgehrcke/gipc/issues/98,1,1
